0
0
0
242
228
197
205
213
201
179
163
178
198
209
218
236
264
283
283
270
262
260
257
255
252
253
254
254
253
253
254
256
257
258
263
262
254
239
232
242
252
256
257
258
257
256
255
254
253
255
257
258
258
260
262
266
269
273
274
274
275
276
278
277
269
261
253
246
241
242
249
254
260
263
267
271
275
279
282
285
288
290
293
295
296
297
298
300
301
302
304
306
310
314
318
322
324
326
327
328
328
328
328
328
328
328
328
328
328
328
329
329
330
330
330
329
329
330
331
329
327
327
333
336
338
339
339
337
335
333
331
329
328
327
328
330
333
335
338
341
344
347
351
354
358
363
367
373
378
383
389
394
400
404
407
409
411
413
415
418
419
420
422
423
424
426
427
428
429
429
428
427
426
426
425
425
425
426
426
426
427
427
427
428
428
428
429
429
429
429
429
429
429
429
429
429
429
429
429
430
430
430
429
429
428
426
425
424
423
422
422
421
422
422
421
421
420
420
420
420
420
420
419
419
419
419
419
419
419
419
420
420
420
420
421
422
421
421
419
416
414
410
408
406
404
400
396
389
383
376
370
364
359
354
351
349
348
348
348
349
351
355
359
365
371
378
385
393
401
407
412
416
420
423
426
428
429
430
430
430
429
429
428
427
425
423
420
417
413
409
404
399
393
387
381
375
369
364
359
355
351
349
347
346
346
346
347
350
352
356
361
366
369
375
382
389
396
403
409
413
418
422
425
428
430
431
431
432
432
431
430
429
426
424
421
417
413
409
404
398
392
386
380
377
367
361
356
351
348
347
346
346
346
346
348
350
352
356
360
364
370
377
383
390
396
402
408
412
417
421
424
426
428
430
431
431
431
431
430
428
426
424
420
417
413
408
403
398
392
385
379
373
367
362
357
353
350
348
347
347
347
348
350
353
357
362
367
374
380
387
393
400
405
410
414
418
422
425
427
429
430
431
431
431
430
429
427
426
423
419
416
412
407
402
396
391
385
379
373
368
363
358
354
352
350
350
350
350
352
354
358
362
367
372
378
385
391
398
405
411
416
420
424
427
430
431
433
433
433
433
433
431
430
428
425
422
420
415
410
406
400
395
389
383
378
372
366
360
356
353
351
350
350
350
351
351
354
357
361
366
371
377
384
390
397
404
409
414
419
423
426
428
429
430
431
431
431
430
428
427
424
421
417
414
411
407
402
397
392
387
382
377
371
366
361
358
355
353
352
352
352
353
354
355
357
360
364
369
374
380
386
393
399
404
409
414
418
422
425
428
430
432
432
433
433
433
432
430
429
426
424
421
417
414
410
405
401
396
390
384
379
373
368
363
358
354
351
350
349
349
350
351
352
355
359
363
369
374
381
387
393
399
405
410
415
419
423
427
429
432
