50.0
25.0
12.5
127.25
184.625
213.3125
227.65625
234.828125
238.4140625
240.20703125
241.103515625
241.5517578125
241.77587890625
241.887939453125
241.9439697265625
241.97198486328125
252.98599243164062
267.9929962158203
275.49649810791016
279.2482490539551
281.12412452697754
282.06206226348877
282.5310311317444
282.7655155658722
282.8827577829361
282.94137889146805
282.970689445734
282.985344722867
282.9926723614335
282.99633618071675
282.9981680903584
282.9990840451792
282.9995420225896
282.9997710112948
282.9998855056474
282.9999427528237
282.99997137641185
282.9999856882059
282.99999284410296
282.9999964220515
282.99999821102574
282.99999910551287
282.99999955275644
282.9999997763782
282.9999998881891
282.99999994409455
282.99999997204725
282.9999999860236
282.9999999930118
282.9999999965059
282.999999998253
282.9999999991265
282.9999999995632
282.9999999997816
282.9999999998908
282.99999999994543
282.9999999999727
282.99999999998636
282.9999999999932
282.9999999999966
282.9999999999983
282.99999999999915
282.99999999999955
282.9999999999998
282.9999999999999
282.99999999999994
283.0
283.0
283.0
283.0
283.0
283.0
283.0
283.0
283.0
283.0
283.0
283.0
283.0
284.0
286.0
288.0
290.5
292.75
294.375
295.6875
296.84375
298.421875
299.7109375
300.85546875
302.427734375
304.2138671875
307.10693359375
310.553466796875
314.2767333984375
318.13836669921875
321.0691833496094
323.5345916748047
325.26729583740234
326.6336479187012
327.3168239593506
327.6584119796753
327.82920598983765
327.9146029949188
327.9573014974594
327.9786507487297
327.98932537436485
327.9946626871824
327.9973313435912
327.9986656717956
328.4993328358978
328.7496664179489
329.37483320897445
329.6874166044872
329.8437083022436
329.9218541511218
329.9609270755609
329.98046353778045
330.4902317688902
330.7451158844451
330.87255794222256
330.9362789711113
331.96813948555564
333.9840697427778
335.9920348713889
337.49601743569445
338.24800871784726
338.6240043589236
338.81200217946184
338.9060010897309
338.95300054486546
338.97650027243276
338.9882501362164
338.9941250681082
338.99706253405407
338.99853126702703
338.9992656335135
338.99963281675673
338.99981640837836
339.9999082041892
341.9999541020946
344.49997705104727
347.74998852552363
350.8749942627618
354.4374971313809
358.7187485656905
362.85937428284524
367.9296871414226
372.9648435707113
377.98242178535565
383.4912108926778
388.7456054463389
394.37280272316946
399.1864013615847
403.0932006807924
406.0466003403962
408.5233001701981
410.76165008509906
412.88082504254953
415.44041252127477
417.2202062606374
418.6101031303187
420.3050515651594
421.6525257825797
422.82626289128984
424.4131314456449
425.70656572282246
426.85328286141123
427.9266414307056
428.4633207153528
428.7316603576764
428.8658301788382
428.9329150894191
428.96645754470956
428.9832287723548
428.9916143861774
428.9958071930887
428.99790359654435
428.9989517982722
428.9994758991361
428.99973794956804
428.999868974784
428.999934487392
428.999967243696
428.999983621848
428.99999181092403
428.999995905462
428.999997952731
428.99999897636553
428.99999948818277
428.9999997440914
428.9999998720457
428.99999993602285
428.9999999680114
428.99999998400574
428.99999999200287
428.9999999960014
428.9999999980007
428.99999999900035
429.4999999995002
429.7499999997501
429.87499999987506
429.93749999993753
429.96874999996874
429.98437499998437
429.99218749999216
429.9960937499961
429.99804687499807
429.99902343749903
429.99951171874955
429.9997558593748
429.9998779296874
429.9999389648437
429.9999694824219
429.99998474121094
429.99999237060547
429.99999618530273
429.99999809265137
429.9999990463257
429.99999952316284
429.9999997615814
429.9999998807907
429.99999994039536
429.9999999701977
429.99999998509884
429.9999999925494
429.9999999962747
429.99999999813735
429.9999999990687
429.99999999953434
429.99999999976717
429.9999999998836
429.9999999999418
429.9999999999709
429.99999999998545
429.9999999999927
429.99999999999636
429.9999999999982
429.9999999999991
429.99999999999955
429.9999999999998
429.9999999999999
429.99999999999994
430.0
430.0
430.0
430.0
430.0
430.0
430.0
430.0
430.0
430.0
430.0
430.0
430.0
430.0
430.0
430.0
430.0
430.0
430.0
430.0
430.0
430.0
430.0
430.0
430.0
430.0
430.0
430.0
430.0
430.0
430.0
430.0
430.0
430.0
430.0
430.0
430.0
430.0
430.0
430.0
430.0
430.0
430.0
430.0
430.0
430.0
430.0
430.0
430.0
430.0
430.0
430.0
430.0
430.0
430.0
430.0
430.0
430.0
430.0
430.0
430.0
430.0
430.0
430.0
430.0
430.0
430.0
430.0
430.0
430.0
430.0
430.0
430.0
430.0
430.0
430.0
430.0
430.0
430.0
430.0
430.0
430.0
430.5
430.75
431.375
431.6875
431.84375
431.921875
431.9609375
431.98046875
431.990234375
431.9951171875
431.99755859375
431.998779296875
431.9993896484375
431.99969482421875
431.9998474121094
431.9999237060547
431.99996185302734
431.9999809265137
431.99999046325684
431.9999952316284
431.9999976158142
431.9999988079071
431.99999940395355
431.9999997019768
431.9999998509884
431.9999999254942
431.9999999627471
431.99999998137355
431.9999999906868
431.9999999953434
431.9999999976717
431.99999999883585
431.9999999994179
431.99999999970896
431.9999999998545
431.99999999992724
431.9999999999636
431.9999999999818
431.9999999999909
431.99999999999545
431.9999999999977
431.99999999999886
431.99999999999943
431.9999999999997
431.9999999999999
431.99999999999994
432.0
432.0
432.0
432.0
432.0
432.0
432.0
432.0
432.0
432.0
432.0
432.0
432.0
432.0
432.0
432.0
432.0
432.0
432.0
432.0
432.0
432.0
432.0
432.0
432.0
432.0
432.0
432.0
432.0
432.0
432.0
432.0
432.0
432.0
432.0
432.0
432.0
432.0
432.0
432.0
432.0
432.0
432.0
432.0
432.0
432.0
432.0
432.0
432.0
432.0
432.0
432.0
432.0
432.0
432.0
432.0
432.0
431.5
431.25
431.125
431.0625
431.03125
431.015625
431.0078125
431.00390625
431.001953125
431.0009765625
431.00048828125
431.000244140625
431.0001220703125
431.00006103515625
431.0000305175781
431.00001525878906
431.00000762939453
431.00000381469727
431.00000190734863
431.0000009536743
431.00000047683716
431.0000002384186
431.0000001192093
431.00000005960464
431.0000000298023
431.00000001490116
431.0000000074506
431.0000000037253
431.00000000186265
431.0000000009313
431.00000000046566
431.00000000023283
431.0000000001164
431.0000000000582
431.0000000000291
431.00000000001455
431.0000000000073
431.00000000000364
432.0000000000018
432.5000000000009
432.75000000000045
432.8750000000002
432.9375000000001
432.96875000000006
432.984375
432.9921875
432.99609375
432.998046875
432.9990234375
432.99951171875
432.999755859375
432.9998779296875
432.99993896484375
432.9999694824219
432.99998474121094
432.99999237060547
432.99999618530273
432.99999809265137
432.9999990463257
432.99999952316284
432.9999997615814
432.9999998807907
432.99999994039536
432.9999999701977
432.99999998509884
432.9999999925494
432.9999999962747
432.99999999813735
432.9999999990687
432.99999999953434
432.99999999976717
432.9999999998836
432.9999999999418
432.9999999999709
432.99999999998545
432.9999999999927
432.99999999999636
432.9999999999982
432.9999999999991
432.99999999999955
432.9999999999998
432.9999999999999
432.99999999999994
433.0
433.0
433.0
433.0
433.0
433.0
433.0
433.0
433.0
433.0
433.0
433.0
433.0
433.0
433.0
433.0
433.0
433.0
433.0
433.0
433.0
433.0
433.0
433.0
433.0
433.0
433.0
433.0
433.0
433.0
433.0
433.0
433.0
433.0
433.0
433.0
433.0
433.0
433.0
433.0
433.0
433.0
433.0
433.0
433.0
433.0
433.0
433.0
433.0
433.0
433.0
433.0
433.0
433.0
433.0
433.0
433.0
433.0
433.0
433.0
433.0
433.0
433.0
433.0
433.0
433.0
433.0
433.0
433.0
433.0
433.0
433.0
433.0
433.0
433.0
433.0
433.0
433.0
433.0
433.0
433.0
433.0
433.0
433.0
433.0
433.0
433.0
433.0
433.0
433.0
433.0
433.0
433.0
433.0
433.0
433.0
433.0
433.0
433.0
