50.0
25.0
12.5
6.25
3.125
1.5625
0.78125
0.390625
0.1953125
0.09765625
0.048828125
0.0244140625
0.01220703125
0.006103515625
0.0030517578125
0.00152587890625
0.000762939453125
0.0003814697265625
0.00019073486328125
9.5367431640625e-05
4.76837158203125e-05
2.384185791015625e-05
1.1920928955078125e-05
5.9604644775390625e-06
2.9802322387695312e-06
1.4901161193847656e-06
7.450580596923828e-07
3.725290298461914e-07
1.862645149230957e-07
9.313225746154785e-08
4.6566128730773926e-08
2.3283064365386963e-08
1.1641532182693481e-08
5.820766091346741e-09
2.9103830456733704e-09
1.4551915228366852e-09
7.275957614183426e-10
3.637978807091713e-10
1.8189894035458565e-10
9.094947017729282e-11
4.547473508864641e-11
2.2737367544323206e-11
1.1368683772161603e-11
5.6843418860808015e-12
2.8421709430404007e-12
1.4210854715202004e-12
7.105427357601002e-13
3.552713678800501e-13
1.7763568394002505e-13
8.881784197001252e-14
4.440892098500626e-14
2.220446049250313e-14
1.1102230246251565e-14
5.551115123125783e-15
2.7755575615628914e-15
1.3877787807814457e-15
6.938893903907228e-16
3.469446951953614e-16
1.734723475976807e-16
8.673617379884035e-17
4.336808689942018e-17
2.168404344971009e-17
1.0842021724855044e-17
5.421010862427522e-18
2.710505431213761e-18
1.3552527156068805e-18
6.776263578034403e-19
3.3881317890172014e-19
1.6940658945086007e-19
8.470329472543003e-20
4.2351647362715017e-20
2.1175823681357508e-20
1.0587911840678754e-20
5.293955920339377e-21
2.6469779601696886e-21
1.3234889800848443e-21
6.617444900424221e-22
3.3087224502121107e-22
1.6543612251060553e-22
8.271806125530277e-23
4.1359030627651384e-23
2.0679515313825692e-23
1.0339757656912846e-23
5.169878828456423e-24
2.5849394142282115e-24
1.2924697071141057e-24
6.462348535570529e-25
3.2311742677852644e-25
1.6155871338926322e-25
8.077935669463161e-26
4.0389678347315804e-26
2.0194839173657902e-26
1.0097419586828951e-26
5.0487097934144756e-27
2.5243548967072378e-27
1.2621774483536189e-27
6.310887241768094e-28
3.155443620884047e-28
1.5777218104420236e-28
7.888609052210118e-29
3.944304526105059e-29
1.9721522630525295e-29
81.5
122.25
142.625
152.8125
157.90625
160.453125
161.7265625
162.36328125
170.181640625
184.0908203125
196.54541015625
207.272705078125
219.6363525390625
225.81817626953125
228.90908813476562
230.4545440673828
231.2272720336914
231.6136360168457
231.80681800842285
231.90340900421143
231.9517045021057
231.97585225105286
231.98792612552643
231.9939630627632
231.9969815313816
231.9984907656908
231.9992453828454
231.9996226914227
231.99981134571135
231.99990567285568
231.99995283642784
231.99997641821392
231.99998820910696
231.99999410455348
231.99999705227674
231.99999852613837
236.49999926306918
238.7499996315346
239.8749998157673
240.43749990788365
240.71874995394182
240.8593749769709
240.92968748848546
240.96484374424273
240.98242187212136
240.99121093606067
240.99560546803033
240.99780273401518
240.9989013670076
240.9994506835038
240.9997253417519
240.99986267087596
240.99993133543796
240.99996566771898
240.9999828338595
240.99999141692973
240.99999570846487
240.99999785423245
240.99999892711622
240.9999994635581
240.99999973177904
240.99999986588952
240.99999993294477
240.9999999664724
240.9999999832362
240.9999999916181
241.49999999580905
245.24999999790452
249.62499999895226
254.81249999947613
258.90624999973807
262.95312499986903
266.9765624999345
270.98828124996726
274.99414062498363
278.4970703124918
281.7485351562459
284.87426757812295
287.4371337890615
290.21856689453074
292.6092834472654
294.3046417236327
295.65232086181635
296.8261604309082
298.4130802154541
299.70654010772705
300.8532700538635
302.42663502693176
304.2133175134659
307.10665875673294
310.55332937836647
314.27666468918324
318.1383323445916
321.0691661722958
323.5345830861479
325.26729154307395
326.133645771537
326.5668228857685
326.78341144288424
326.8917057214421
326.94585286072106
326.97292643036053
326.98646321518027
326.99323160759013
326.99661580379507
326.99830790189753
326.99915395094877
326.9995769754744
326.9997884877372
326.9998942438686
326.99994712193427
326.99997356096713
326.9999867804836
326.9999933902418
326.9999966951209
326.99999834756045
326.9999991737802
326.9999995868901
326.99999979344506
326.99999989672256
326.9999999483613
326.99999997418064
326.9999999870903
326.99999999354515
326.99999999677254
326.9999999983863
326.99999999919316
326.9999999995966
326.9999999997983
326.99999999989916
326.9999999999496
327.49999999997476
328.7499999999874
330.8749999999937
332.9374999999968
335.4687499999984
338.2343749999992
341.1171874999996
344.0585937499998
347.5292968749999
350.76464843749994
354.38232421875
358.691162109375
362.8455810546875
367.92279052734375
372.9613952636719
377.98069763183594
376.99034881591797
373.495174407959
368.7475872039795
363.87379360198975
358.9368968009949
354.96844840049744
351.9842242002487
349.99211210012436
348.9960560500622
348.4980280250311
348.24901401251554
348.1245070062578
348.0622535031289
348.03112675156444
348.0155633757822
348.0077816878911
348.00389084394556
348.0019454219728
348.0009727109864
348.0004863554932
348.0002431777466
348.0001215888733
348.00006079443665
348.0000303972183
348.00001519860916
348.0000075993046
348.0000037996523
348.00000189982615
348.0000009499131
348.00000047495655
348.0000002374783
348.00000011873914
348.00000005936954
348.00000002968477
348.0000000148424
348.0000000074212
348.0000000037106
348.0000000018553
348.0000000009277
348.00000000046384
348.0000000002319
348.00000000011596
348.000000000058
348.000000000029
348.0000000000145
348.0000000000073
348.00000000000364
348.0000000000018
348.0000000000009
348.00000000000045
348.0000000000002
348.0000000000001
348.00000000000006
347.5
346.75
346.375
346.1875
346.09375
346.046875
346.0234375
346.01171875
346.005859375
346.0029296875
346.00146484375
346.000732421875
346.0003662109375
346.00018310546875
346.0000915527344
346.0000457763672
346.0000228881836
346.0000114440918
346.0000057220459
346.00000286102295
346.0000014305115
346.00000071525574
346.00000035762787
346.00000017881393
346.00000008940697
346.0000000447035
346.00000002235174
346.00000001117587
346.00000000558794
346.00000000279397
346.000000001397
346.0000000006985
346.00000000034925
346.0000000001746
346.0000000000873
346.00000000004366
346.0000000000218
346.0000000000109
346.00000000000546
346.00000000000273
346.00000000000136
346.0000000000007
346.00000000000034
346.00000000000017
346.0000000000001
346.00000000000006
346.0
346.0
346.0
346.0
346.0
346.0
346.0
346.0
346.0
346.0
346.0
346.0
346.0
346.0
346.0
346.0
346.0
346.0
346.0
346.0
346.0
346.0
346.0
346.0
346.0
346.0
346.0
346.0
346.0
346.0
346.0
346.0
346.0
346.0
346.0
346.0
346.0
346.0
346.0
346.0
346.0
346.0
346.0
346.0
346.0
346.0
346.0
346.0
346.0
346.0
346.0
346.0
346.0
346.0
346.0
346.0
346.0
346.0
346.0
346.0
346.0
346.0
346.0
346.0
346.0
346.0
346.0
346.0
346.0
346.0
346.0
346.0
346.0
346.0
346.0
346.0
346.0
346.0
346.0
346.0
346.0
346.0
346.0
346.0
346.0
346.0
346.0
346.0
346.0
346.0
346.0
346.0
346.0
346.0
346.0
346.0
346.0
346.0
346.0
346.0
346.0
346.0
346.0
346.0
346.0
346.5
346.75
346.875
346.9375
346.96875
346.984375
346.9921875
346.99609375
346.998046875
346.9990234375
346.99951171875
346.999755859375
346.9998779296875
346.99993896484375
346.9999694824219
346.99998474121094
346.99999237060547
346.99999618530273
346.99999809265137
346.9999990463257
346.99999952316284
346.9999997615814
346.9999998807907
346.99999994039536
346.9999999701977
346.99999998509884
346.9999999925494
346.9999999962747
346.99999999813735
346.9999999990687
346.99999999953434
346.99999999976717
346.9999999998836
346.9999999999418
346.9999999999709
346.99999999998545
346.9999999999927
346.99999999999636
346.9999999999982
346.9999999999991
346.99999999999955
346.9999999999998
346.9999999999999
346.99999999999994
347.0
347.0
347.0
347.5
348.75
349.375
349.6875
349.84375
349.921875
349.9609375
349.98046875
349.990234375
349.9951171875
349.99755859375
349.998779296875
349.9993896484375
349.99969482421875
349.9998474121094
349.9999237060547
349.99996185302734
349.9999809265137
349.99999046325684
349.9999952316284
349.9999976158142
349.9999988079071
349.99999940395355
349.9999997019768
349.9999998509884
349.9999999254942
349.9999999627471
349.99999998137355
349.9999999906868
349.9999999953434
349.9999999976717
349.99999999883585
349.9999999994179
349.99999999970896
349.9999999998545
349.99999999992724
349.9999999999636
349.9999999999818
349.9999999999909
349.99999999999545
349.9999999999977
349.99999999999886
349.99999999999943
349.9999999999997
349.9999999999999
349.99999999999994
350.0
350.0
350.0
350.0
350.0
350.0
350.0
350.0
350.0
350.0
350.0
350.0
350.0
350.0
350.0
350.0
350.0
350.0
350.0
350.0
350.0
350.0
350.0
350.0
350.0
350.0
350.0
350.0
350.0
350.0
350.0
350.0
350.0
350.0
350.0
350.0
350.0
350.0
350.0
350.0
350.0
350.0
349.5
349.25
349.125
349.0625
349.03125
349.015625
349.0078125
349.00390625
349.001953125
349.0009765625
349.00048828125
349.000244140625
349.0001220703125
349.00006103515625
349.0000305175781
349.00001525878906
349.00000762939453
349.00000381469727
349.00000190734863
349.0000009536743
349.00000047683716
349.0000002384186
